Zi =  640.49
Zo =  2.9364
Zi1 =  640.49
Zo1 =  477.05
Zi2 =  15013.86300
Zo2 =  0.93273
Gain =  107.22
