-----------------------------------------
Renv =  7000000
C =  0.0070000
Rreg =  6266200
n =  5.2000
n_diodes =  24
cost =  20271.40000
average =  12
ripple =  0.000010000
MERIT =  4.4846
------------------------------------
Renv =  3000000
C =  0.0030000
Rreg =  1538000
n =  4
n_diodes =  22
cost =  7542.8
average =  12
ripple =  0.000040000
MERIT =  3.2336
