Renv =  3000000
C =  0.0030000
Rreg =  2588500
n =  2
n_diodes =  21
cost =  8593.1
average =  12
ripple =  0.000020000
MERIT =  5.5415

so com 1 linha de diodos
----------------------------------------

Renv =  7000000
C =  0.0070000
Rreg =  6266600
n =  5.2000
n_diodes =  24
cost =  20271.80000
average =  12
ripple = 0
MERIT =  49.330
