average_reg =  12.00000000000001
ans =  12.00041500819160
ans =  11.99958151504492
ripple_reg =    8.334931466755791e-04
average_reg =  12.00000000000001
ans =  12.00041500819160
ans =  11.99958151504492
ripple_reg =    8.334931466755791e-04
average_reg =  12.00000000000001
ans =  12.00041500819160
ans =  11.99958151504492
ripple_reg =    8.334931466755791e-04
