Vcc =  12
Vinm =  0.010000
Vinf =  1000
Rin =  100
Ci =  0.0010000
R1 =  100000
R2 =  20000
Rc =  500
Re =  100
Cb =  0.0050000
Rout =  100
Co =  0.0019950
RL =  8
