Vcc =  12
Vinm =  0.010000
Vinf =  1000
Rin =  100
Ci =  0.0010000
R1 =  80000
R2 =  20000
Rc =  1000
Re =  100
Cb =  0.0010000
Rout =  100
Co =  0.0000010000
RL =  8
