yavg = 1.200000e+01
ymax = 1.200001e+01
ymin = 1.199999e+01
vripple_reg = 2.000000e-05
