base = 1.384119e+00
coll = 8.654746e+00
emit = 6.854951e-01
emit2 = 9.397377e+00
in = 0.000000e+00
in2 = 0.000000e+00
out = 0.000000e+00
vcc = 1.200000e+01
vcc#branch = -3.28229e-02
vin#branch = 0.000000e+00
