re(zo[40]) = 4.490917e+00
im(zo[40]) = 2.148630e-01
abs(zo[40]) = 4.496054e+00
