lco = 7.923603e+00
uco = 3.106930e+06
threshold = 3.197442e+01
re(gain) = -5.60036e+01
im(gain) = 2.049099e+00
abs(gain) = 5.604104e+01
re(zin) = 7.592820e+02
im(zin) = -1.04226e+02
abs(zin) = 7.664021e+02
