yavg = 1.196803e+01
ymax = 1.225969e+01
ymin = 1.160367e+01
vripple_reg = 6.560200e-01
