yavg = 1.200005e+01
ymax = 1.200058e+01
ymin = 1.199951e+01
vripple_reg = 1.070000e-03
