yavg = 1.274516e+01
ymax = 1.295554e+01
ymin = 1.247375e+01
vripple_reg = 4.817900e-01
