R1 = 1.02943118797 
R2 = 2.01395929215 
R3 = 3.04865352258 
R4 = 4.00813564187 
R5 = 3.14877356154 
R6 = 2.0324721756 
R7 = 1.02032682556 
Vs = 5.05481864136 
Ca =  1.02872173547 
Kb = 7.12052712169 
Kd = 8.12923323408 
