R1 = 1.04606282456 
R2 = 2.00732621328 
R3 = 3.06060705885 
R4 = 4.07055531265 
R5 = 3.1225213804 
R6 = 2.06927045958 
R7 = 1.01531018068 
Vs = 5.24359648479 
Ca =  1.01891541651 
Kb = 7.0473187437 
Kd = 8.3479788681 
