Renv =  100000
C =  0.00010000
Rreg =  120000
n =  5.4800
n_diodes =  20
cost =  324.40
average =  12.000
ripple =  0.0010700
MERIT =  2.7499
